                                b           se            b           se            b           se            b           se            b           se
Age of hoh                .004114     .0022228     .0038636     .0022474     .0044918     .0024849     .0046069     .0025554      .003792     .0023884
Age of hoh # Age o~h    -.0000426     .0000255    -.0000414     .0000256    -.0000384     .0000269    -.0000407     .0000277     -.000036     .0000263
Female head of hou~0            0            .            0            .            0            .            0            .            0            .
Female head of hou~1     .0085449     .0212178     .0094904     .0212014    -.0178184     .0212831    -.0157244     .0223177    -.0052086      .020515
Married hoh (any t~0            0            .            0            .            0            .            0            .            0            .
Married hoh (any t~1     .0447694     .0185192      .041069     .0183002    -.0325565     .0188582    -.0314631     .0189844    -.0294783     .0184633
Hoh is younger tha~      .0005599     .0296309     .0017737     .0297587     .0066064     .0252239     .0093468     .0261425     .0149207     .0252834
Orthodox                        0            .            0            .            0            .            0            .            0            .
Protestant               .0304088      .037163     .0173439     .0371551     .0208176     .0173593     .0026724     .0184894     .0090651     .0172597
Muslem                   .0894876     .0320986     .0833963     .0326258     .0416446      .024365     .0362207     .0255232     .0370999     .0242483
Other (Specify)          .2614392     .0881749     .2430134     .0855382      .046063     .0767709     .0184872     .0727811      .032649     .0714011
Hoh is literate         -.0432659     .0183578    -.0370437     .0182257     .0083912     .0167764     .0234591     .0174581      .014708     .0164489
No education                    0            .            0            .            0            .            0            .            0            .
Primary                 -.0443437     .0199363    -.0417257      .019727    -.0003724     .0152524     .0009685     .0153491     .0006298     .0149147
Secondary               -.0678797     .0252911    -.0500353     .0253095    -.0280767     .0188553    -.0114956     .0190159     -.006882     .0188336
Tertiary                -.0538971      .037258     -.017607     .0384093    -.0462074     .0257641    -.0080305     .0320365     .0001869     .0251675
No education                    0            .            0            .            0            .            0            .            0            .
Primary                 -.0007351     .0174218     .0042636     .0172047     -.022446     .0152732    -.0145138      .015611    -.0191294     .0155673
Secondary               -.0119323     .0230671     .0063145     .0238758    -.0276813     .0221089     .0116474     .0244794    -.0103567     .0212216
Tertiary                -.0563951     .0269573    -.0028365     .0318657    -.0735943     .0242071    -.0422253     .0325593    -.0390493      .025075
Ratio of males to ~1     .0178451     .0074829     .0183408     .0073613     .0087894     .0061142     .0081096     .0062862     .0075871     .0060148
Dependency Ratio        -9.97e-07     .0001031    -2.78e-07     .0001018     .0000879     .0000887     .0000695     .0000896     .0000847     .0000902
hh male labor age~60     -.001758     .0113273    -.0038502     .0110674    -.0049486     .0082861    -.0025886     .0086124    -.0058034      .008314
hh female labor a~60     .0050753     .0102783     .0079313     .0103029     .0101146     .0093236      .008617     .0095954     .0118477     .0092388
household size           .0066422     .0066192      .004978     .0066032     .0008414     .0047594     .0009678     .0049255    -.0015181       .00481
Membership in iddi~)    -.0427436     .0237314    -.0380693     .0236677     .0016581     .0213269     .0099201     .0217011                          
HH Distance in (KM~     -.0002352     .0006978    -.0004265     .0007355     .0001988     .0005805     .0000938     .0005816    -.0000507     .0005352
HH Distance in (KM~     -.0008061     .0006247    -.0007974     .0006376    -.0000306     .0005081     .0000238     .0005187    -.0000861     .0004735
HH Distance in (KM~      .0019288     .0003559     .0019572     .0003562     .0004483     .0002801     .0004566     .0002816     .0005509      .000274
HH Distance in (KM~     -.0001233     .0001868    -.0001482     .0001867     .0002471       .00015     .0002466     .0001546     .0002378     .0001449
Non-FTF household               0            .            0            .            0            .            0            .            0            .
FTF household           -.0303579     .0297982     -.032617     .0294679    -.0111081     .0251179    -.0094943      .025151    -.0145219     .0244839
Tigray                  -.0044733     .0540251     .0046995     .0538951     .0867899     .0535119     .0831941     .0549507     .0932719     .0525532
Afar                     .0566817     .1247098     .0248887     .1232475     .1839657     .1206443     .1698991     .1190101     .1677655     .1072973
Amhara                   .0099437     .0428252     .0137207     .0426297     .0536691     .0320328     .0502237     .0326325     .0587265     .0309504
Oromia                          0            .            0            .            0            .            0            .            0            .
Somalie                  .2494385     .1065599      .233464     .1052515     .3372975     .0932369     .3285929     .0936924     .3362932     .0941764
Benshagul Gumuz         -.1627138      .055902    -.1565415     .0548101     .0134405     .0451735     .0125459     .0438064     .0161915     .0447657
SNNP                     .0992743     .0414447     .1048212     .0418486    -.0159314     .0252181    -.0254356     .0267433    -.0172282     .0257536
Gambelia                -.0482552     .0548463    -.0577963      .056913    -.0031464     .0337549    -.0083273     .0382471    -.0113909     .0375221
Harari                  -.1264819     .0624185    -.1169854     .0626487     .0112983     .0556123     .0256644     .0567994     .0161104     .0522996
Diredwa                  .0554868     .1164545     .0512765     .1159451     .1579401     .1010482      .151853     .1050682     .1550099     .0998729
Total tropical liv~s                               .0089163     .0035645                               .0016447     .0023927                          
wealthIndex                                        -.026606     .0069942                              -.0317759      .008394                          
land owned in hect~s                               .0008534     .0006299                              -.0012811     .0007848    -.0012927     .0008137
4 quantiles of are~1                               .0272423     .0296056                               .0289888     .0290518                          
4 quantiles of are~2                               .0503894      .029487                               .0372262     .0270239                          
4 quantiles of are~3                               .0395116     .0228381                               .0179002     .0238642                          
4 quantiles of are~4                                      0            .                                      0            .                          
L2.Total tropical ~s                                                                                                             .0082371     .0035676
L2.wealthIndex                                                                                                                  -.0195234     .0045677
1L2.4 quantiles of~d                                                                                                            -.0265313     .0261622
2L2.4 quantiles of~d                                                                                                             .0381752     .0264078
3L2.4 quantiles of~d                                                                                                             .0154131     .0195488
4bL2.4 quantiles o~d                                                                                                                    0            .
L2.Membership in i~)                                                                                                            -.0011326     .0202884
Constant                -.0776765     .0959821    -.1062394     .0941203    -.1657533     .0807073    -.1922797     .0841876    -.1544168     .0753433
Observations                 3547                      3545                      3585                      3461                      3555             
