                                b           se            b           se            b           se            b           se            b           se
Age of hoh              -.0009173     .0029182    -.0002964     .0029327     .0023872     .0027462     .0031235     .0027903     .0021828     .0028147
Age of hoh # Age o~h      .000038     .0000345     .0000323     .0000344    -.0000134     .0000303    -.0000227     .0000305    -.0000118     .0000309
Female head of hou~0            0            .            0            .            0            .            0            .            0            .
Female head of hou~1    -.0037645     .0220379    -.0086009     .0224759    -.0229522     .0161662    -.0336408     .0173849    -.0252705     .0165031
Married hoh (any t~0            0            .            0            .            0            .            0            .            0            .
Married hoh (any t~1    -.0706302     .0236185    -.0682411     .0236417    -.0510049     .0167626    -.0554485     .0171643    -.0530857     .0170441
Hoh is younger tha~     -.0339461     .0322426    -.0308358     .0320325     .0247753     .0264222     .0350301     .0269265     .0244536     .0265212
Orthodox                        0            .            0            .            0            .            0            .            0            .
Protestant              -.0026227     .0314178    -.0015435     .0312946      .025134     .0224011     .0195668     .0234804      .027658     .0224341
Muslem                   .0002967     .0261653    -.0001398     .0259105     .0195801     .0204222     .0147354     .0201257     .0220653     .0201285
Other (Specify)         -.0479043     .0506152    -.0490734     .0508852      .070648     .0487902     .0552541     .0497895     .0713665     .0480605
Hoh is literate         -.0086159     .0164949    -.0075425      .016509     .0003065     .0114089     .0029203     .0119626    -.0009179      .011875
No education                    0            .            0            .            0            .            0            .            0            .
Primary                  .0000142      .015563    -.0012017      .015524    -.0147522     .0140443    -.0149832     .0142566    -.0149932     .0140483
Secondary               -.0310321     .0225902    -.0331437     .0229512    -.0441577     .0201636     -.046148     .0214971     -.048785     .0198673
Tertiary                -.0053433     .0413774    -.0082682     .0428326    -.0696806     .0232672    -.0707062     .0278982    -.0762256      .024366
No education                    0            .            0            .            0            .            0            .            0            .
Primary                 -.0237749     .0163485     -.023976     .0166187     .0081511     .0129556     .0118645     .0133595     .0059448     .0131052
Secondary               -.0272675     .0290298    -.0254473     .0289934     .0300035      .024609     .0432132     .0269221     .0272238     .0252694
Tertiary                -.1218233     .0323355    -.1150209     .0369485     .0047573     .0461272    -.0140541     .0575581    -.0052322     .0471872
Ratio of males to ~1     .0060152     .0062696     .0060854     .0062481     .0082581      .005744     .0086513     .0058969     .0086787     .0057896
Dependency Ratio         .0000923      .000104     .0001016     .0001037    -.0000589     .0000826    -.0000362     .0000858    -.0000542     .0000835
hh male labor age~60    -.0098733     .0103562    -.0067654     .0103417    -.0124491     .0084742    -.0077609     .0086265    -.0122413     .0084048
hh female labor a~60     .0058568     .0119275     .0063692     .0119188     -.005044     .0089803     -.004855     .0091719    -.0049866     .0089993
household size           .0021843     .0067099     .0027935     .0066912     .0042303     .0050164     .0046776     .0050779     .0050365     .0050239
Membership in iddi~)      .011146      .017137     .0120958     .0167781      .002143     .0143123     .0033948     .0144074                          
HH Distance in (KM~     -.0003403     .0004819     -.000236     .0004936    -.0011976     .0003393    -.0011841     .0003497    -.0011245     .0003398
HH Distance in (KM~     -.0011768     .0004718    -.0011353     .0004708    -.0001377     .0003388    -.0000593     .0003517    -.0001647     .0003402
HH Distance in (KM~      .0008039      .000284     .0007786     .0002793     .0004064      .000214     .0003821     .0002136      .000405     .0002179
HH Distance in (KM~     -.0001224     .0001354    -.0001168     .0001341     .0000425     .0000912      .000026     .0000927     .0000254     .0000925
Non-FTF household               0            .            0            .            0            .            0            .            0            .
FTF household           -.0064137     .0210667    -.0058173     .0208602    -.0421436     .0159138    -.0429858     .0158642    -.0429775     .0160257
Tigray                  -.0855301     .0423846    -.0913019       .04272    -.0274798      .039312    -.0389998     .0373657    -.0194315      .039325
Afar                     .1998413     .1024053     .2153041     .1025783     .0708452     .0532554     .0485159     .0547721     .0626289      .054978
Amhara                  -.0473769     .0324278    -.0517301     .0321416    -.0636992     .0240233    -.0695421     .0240617    -.0643569     .0240217
Oromia                          0            .            0            .            0            .            0            .            0            .
Somalie                 -.0927792     .0487736    -.0829742     .0484003    -.0176206     .0421582    -.0285252     .0434399    -.0194992     .0442667
Benshagul Gumuz          -.026654     .0665537    -.0341909     .0674287     -.044709     .0370655    -.0517948     .0390024      -.04113     .0379361
SNNP                     .0233643     .0362977     .0201769     .0365805    -.0137566     .0280677    -.0188737     .0277817    -.0174572     .0281364
Gambelia                -.0950775     .0493316    -.0914726     .0503902    -.0725297     .0451674     -.092028     .0484132    -.0766961     .0464649
Harari                  -.1780111     .0435624    -.1757123     .0428078    -.0370258     .0394805    -.0372721      .041076    -.0366482     .0406636
Diredwa                 -.0956902      .058908    -.0959443     .0583923    -.0453329     .0479303     -.055074     .0483994     -.047308     .0477436
Total tropical liv~s                              -.0057385     .0030211                               -.002043      .001463                          
wealthIndex                                       -.0098502     .0061091                              -.0082436     .0060267                          
land owned in hect~s                              -.0003399     .0007047                              -.0001579     .0004648    -.0004848     .0003426
4 quantiles of are~1                               .0018088     .0284902                               .0356563     .0207112                          
4 quantiles of are~2                              -.0131757     .0219307                               .0312973     .0172379                          
4 quantiles of are~3                              -.0210744     .0189743                              -.0052819     .0136516                          
4 quantiles of are~4                                      0            .                                      0            .                          
L2.Total tropical ~s                                                                                                             .0008775     .0020555
L2.wealthIndex                                                                                                                   .0012522     .0068526
1L2.4 quantiles of~d                                                                                                             .0320677     .0199701
2L2.4 quantiles of~d                                                                                                             .0098783     .0163278
3L2.4 quantiles of~d                                                                                                             .0210606     .0148182
4bL2.4 quantiles o~d                                                                                                                    0            .
L2.Membership in i~)                                                                                                             .0182866      .013379
Constant                  .211185     .0844236     .2056526      .084842     .0830977     .0683292     .0635802      .072031     .0659483     .0709377
Observations                 3547                      3545                      3585                      3461                      3555             
