                                b           se            b           se            b           se            b           se            b           se
Age of hoh               -.001249     .0029877    -.0003418     .0029982     .0021033     .0026649     .0029459     .0027045     .0021358     .0026988
Age of hoh # Age o~h     .0000452     .0000348     .0000369     .0000348    -3.27e-06     .0000304    -.0000135     .0000307    -3.70e-06     .0000306
Female head of hou~0            0            .            0            .            0            .            0            .            0            .
Female head of hou~1     .0184089     .0221686     .0136402     .0226715    -.0262929     .0154683    -.0378746     .0167259    -.0302382     .0156708
Married hoh (any t~0            0            .            0            .            0            .            0            .            0            .
Married hoh (any t~1     .0047458     .0230956     .0076353     .0224631     -.013167     .0175893    -.0151972       .01807      -.01386     .0178188
Hoh is younger tha~     -.0281952     .0301112    -.0250267     .0299827     .0113554     .0268638     .0221978     .0274858     .0115783     .0268918
Orthodox                        0            .            0            .            0            .            0            .            0            .
Protestant              -.0184664     .0278052    -.0172458     .0274858     .0249236     .0225802     .0142895     .0233312     .0257267      .022416
Muslem                  -.0059928     .0262746    -.0085966      .025727     .0238332     .0215336     .0179639     .0211159     .0240571     .0213971
Other (Specify)         -.0718929     .0496378     -.076269     .0495274     .0501283     .0471062     .0294243      .047383     .0464534     .0458041
Hoh is literate         -.0145316     .0157286    -.0114593     .0158802     .0076115     .0115316     .0117046     .0120763     .0041213     .0120421
No education                    0            .            0            .            0            .            0            .            0            .
Primary                  .0156668     .0168925      .013216     .0168457    -.0092364     .0140613    -.0082281     .0141098    -.0074126     .0139328
Secondary               -.0097407     .0241753    -.0179015     .0239784    -.0506489     .0184777    -.0506893     .0194744    -.0541342     .0185199
Tertiary                   .00032     .0354552    -.0075612     .0363175    -.0694994     .0233739    -.0635401     .0288763    -.0778087      .024608
No education                    0            .            0            .            0            .            0            .            0            .
Primary                 -.0305639     .0158061    -.0320658     .0161777      .002009       .01304     .0054838     .0134555     .0002373     .0130756
Secondary               -.0384078      .024767      -.03602     .0257345     .0172455     .0230909     .0323455     .0242446     .0128505     .0234612
Tertiary                -.1115189     .0318187    -.1074139     .0372253    -.0009152     .0451865    -.0117605     .0546821     -.012209     .0458281
Ratio of males to ~1     .0044784     .0064307     .0050955     .0064127     .0065282     .0054327     .0063943     .0055717     .0061896     .0054383
Dependency Ratio         .0000628     .0001039     .0000705     .0001038    -.0000591      .000083    -.0000334     .0000865    -.0000505     .0000835
hh male labor age~60    -.0075885     .0104913    -.0025893     .0104908    -.0114825     .0085793    -.0058494     .0086905    -.0108246     .0084676
hh female labor a~60     .0033782     .0114982      .003461     .0115163     .0018299     .0089271     .0027139     .0091199     .0019598     .0089078
household size           -.002314     .0064149    -.0005656     .0063888     .0005723     .0050944     .0011633     .0051368      .001857     .0051174
Membership in iddi~)     .0238023     .0162346     .0251444     .0157949     .0002024      .014651     .0029148     .0148053                          
HH Distance in (KM~     -.0003876     .0004364    -.0002395     .0004503    -.0012387     .0003529    -.0012128     .0003651    -.0011357     .0003498
HH Distance in (KM~     -.0009252     .0004673    -.0008666      .000468    -.0001321     .0003693    -.0000822     .0003791     -.000161     .0003706
HH Distance in (KM~      .0007049     .0002955     .0006727     .0002884     .0004058     .0002333     .0003881     .0002342     .0004068      .000237
HH Distance in (KM~     -.0001247      .000133    -.0001236     .0001303     .0000387     .0001007     .0000134     .0001009     .0000265     .0001009
Non-FTF household               0            .            0            .            0            .            0            .            0            .
FTF household           -.0030652     .0198297    -.0009239     .0196308    -.0470566     .0169615    -.0466023     .0168521    -.0481674     .0170162
Tigray                   -.067056     .0409276     -.079843     .0408305    -.0374882     .0399908    -.0505827     .0379624    -.0358634     .0399621
Afar                     .1793089     .0884628     .1952825     .0878846     .0464754     .0628436     .0202961     .0639112     .0324143     .0635853
Amhara                   -.039835     .0301108    -.0475899     .0296536    -.0672913     .0262728     -.074899     .0263149    -.0698796     .0260917
Oromia                          0            .            0            .            0            .            0            .            0            .
Somalie                 -.0841304     .0507449    -.0748616     .0497276    -.0113463     .0462148     -.027316     .0485031    -.0197141     .0467294
Benshagul Gumuz         -.0201071      .075227       -.0313     .0763228    -.0788454     .0357025    -.0881662     .0372039    -.0776865      .036271
SNNP                     .0414397     .0351491     .0329809     .0351054    -.0180868     .0300545    -.0237874     .0297872    -.0225016     .0304465
Gambelia                -.1077897     .0414596      -.10881     .0420349    -.0761711     .0464834    -.0944869     .0499026    -.0849868     .0477001
Harari                   -.153027      .042323    -.1557254     .0413074    -.0276847     .0473409     -.026294     .0490801    -.0310002     .0479151
Diredwa                 -.0484043     .0616019    -.0571012     .0604156    -.0467433     .0512343    -.0598379     .0520351    -.0517305     .0518201
Total tropical liv~s                              -.0080426     .0019094                              -.0026138     .0015243                          
wealthIndex                                       -.0121048     .0062315                              -.0152999     .0062472                          
land owned in hect~s                               9.50e-06      .000758                              -.0003608     .0004799    -.0007207      .000365
4 quantiles of are~1                               .0222927      .025886                               .0522198     .0211965                          
4 quantiles of are~2                               -.001434      .021086                               .0327409      .016604                          
4 quantiles of are~3                               .0066582     .0190088                               .0075058     .0145225                          
4 quantiles of are~4                                      0            .                                      0            .                          
L2.Total tropical ~s                                                                                                             .0004843     .0021268
L2.wealthIndex                                                                                                                   .0010909     .0068431
1L2.4 quantiles of~d                                                                                                             .0431881     .0208891
2L2.4 quantiles of~d                                                                                                             .0183294     .0171433
3L2.4 quantiles of~d                                                                                                             .0272843     .0160675
4bL2.4 quantiles o~d                                                                                                                    0            .
L2.Membership in i~)                                                                                                             .0086789     .0137807
Constant                  .147213      .085545     .1201084     .0852448     .0630662      .065514     .0334005     .0676047     .0365787     .0668593
Observations                 3547                      3545                      3585                      3461                      3555             
