                                b           se            b           se            b           se            b           se            b           se
Age of hoh               .0272041     .0117542     .0315352     .0118203     .0295672     .0142937     .0384679     .0145597     .0330997     .0141404
Age of hoh # Age o~h    -.0002487     .0001284    -.0002924     .0001281    -.0002174     .0001576    -.0003209     .0001574    -.0002541     .0001562
Female head of hou~0            0            .            0            .            0            .            0            .            0            .
Female head of hou~1     .2588942      .102931     .2342913     .1001318     .0391612     .1121307    -.0836494      .113924    -.0383863     .1133772
Married hoh (any t~0            0            .            0            .            0            .            0            .            0            .
Married hoh (any t~1    -.1818306     .1064966    -.1670993     .1044122    -.2834064     .1041467    -.2376749     .1041386    -.2863787     .1055447
Hoh is younger tha~      .2353166      .166019     .2661779     .1701455    -.1216513     .1481465    -.0198372     .1423694    -.0964867     .1455258
Orthodox                        0            .            0            .            0            .            0            .            0            .
Protestant               .3428438     .1391873     .2870982     .1406925     .3831159     .1462089     .1625521     .1437673     .2655111     .1391926
Muslem                   .2876651     .1290653     .2425189     .1294923     .2890805     .1506159     .1874041     .1517631     .2077743      .155806
Other (Specify)          .5441736     .3188583     .4256282     .3242587     .3173722     .3383506    -.0455321     .3358707     .1319407     .3481256
Hoh is literate         -.1391755     .0676987    -.1135555     .0688352    -.0853942     .0896935     .0352706      .089191    -.0867407     .0896232
No education                    0            .            0            .            0            .            0            .            0            .
Primary                 -.0784654     .0852764    -.0861876     .0836182     .0052444     .0863348     .0187527     .0830823     .0212266      .083371
Secondary               -.2050189     .1178541    -.2020384     .1161085    -.1457193     .1036189    -.0846368     .1054095    -.1217123     .1034758
Tertiary                -.2470647     .1467642     -.228729     .1397641    -.4856714      .180594    -.4427589     .2374997    -.4511407     .1888245
No education                    0            .            0            .            0            .            0            .            0            .
Primary                 -.0134722     .0717181    -.0106933     .0715191    -.1594271     .0736027    -.0954416      .072481    -.1567695     .0742754
Secondary               -.2541423     .1032725    -.2307715     .1094603    -.2485276       .12265     .0262089     .1262417      -.23029     .1262583
Tertiary                -.4506984     .1728743    -.3701167     .1960323    -.7578964     .1550877    -.7183205     .2126283    -.6732181      .157088
Ratio of males to ~1     .0349748     .0316642     .0423854     .0308616     .0386295     .0336946     .0369004     .0328746     .0440498     .0332387
Dependency Ratio         .0012626     .0005859     .0012803     .0005886     .0007532     .0004986     .0009059     .0004887     .0006034     .0004947
hh male labor age~60    -.0255847     .0691375    -.0031404     .0685904    -.0489924     .0450602     .0129669     .0451235     -.039645      .043967
hh female labor a~60     .0029989     .0510252     .0180062     .0552503      .046126     .0487401     .0607148     .0485626     .0449202     .0477755
household size          -.0053488     .0312626     .0007811     .0315555    -.0329188     .0263371    -.0092669      .026549    -.0115092      .026511
Membership in iddi~)    -.1188611     .1028683    -.0992992     .1044707    -.1793396      .095848    -.0591044     .0925755                          
HH Distance in (KM~     -.0009707     .0031257    -.0003243     .0031748     .0067538     .0032287     .0064569     .0031108     .0076744     .0031539
HH Distance in (KM~     -.0021922     .0030642    -.0020778     .0030892    -.0047303     .0024913    -.0040353     .0024673    -.0040884     .0024644
HH Distance in (KM~      .0003096     .0016239     .0003226     .0016325      .001048     .0015084     .0007227     .0014134     .0004038     .0013649
HH Distance in (KM~     -.0000819     .0010101    -.0001477     .0010556     .0016184     .0008278     .0015019      .000822     .0011358     .0008087
Non-FTF household               0            .            0            .            0            .            0            .            0            .
FTF household            .1898719     .1306983     .1933101     .1292654    -.0915664     .1332541    -.0647765      .130668    -.0577075     .1295502
Tigray                  -.6618054     .1767868    -.7233958     .1751051    -.0381064     .2249822    -.1124631     .2239492    -.1233795     .2292111
Afar                    -.5264682     .5017515    -.6133586     .5074844     .1708218      .436561    -.2939607      .413274    -.1441978     .4227314
Amhara                  -.3312766     .1790386    -.3696464     .1780966     .2251693     .1907788     .1072646     .1837587     .1258684     .1849242
Oromia                          0            .            0            .            0            .            0            .            0            .
Somalie                  .2176537     .5178134     .1823023     .4904189     .3075769     .3949692      .014548     .3681653     .0448677     .3671152
Benshagul Gumuz         -.4122908     .2996389    -.4450298     .2895486     .3249063     .2967802     .2454063     .2648735     .2109548     .2818723
SNNP                    -.0791793     .1727821    -.1180515     .1724186     .1016042     .1832837    -.0401513     .1759992     .0167573     .1751575
Gambelia                -.6765056     .2747218    -.7733531       .29925    -.4302091     .2170264    -.6720361     .2331107    -.7431104     .2246102
Harari                  -1.203245     .3130488    -1.219224     .3195286    -.4528453     .3656463     -.347977      .343959    -.5722055      .358713
Diredwa                 -.5670103     .3699343    -.6502415     .3704433     .7225617     .4890494     .5963545     .4675684     .6135569     .4771804
Total tropical liv~s                              -.0073861     .0178993                              -.0203952     .0095094                          
wealthIndex                                       -.0990361     .0393632                              -.3539913     .0426407                          
land owned in hect~s                              -.0076952     .0049165                               .0011745     .0042271      -.00593     .0043828
4 quantiles of are~1                               .3166368     .1484712                               1.106089     .1450711                          
4 quantiles of are~2                               .2835351     .1598861                               .6351545     .1227773                          
4 quantiles of are~3                               .2783717     .0875028                               .3163552     .0906423                          
4 quantiles of are~4                                      0            .                                      0            .                          
L2.Total tropical ~s                                                                                                             .0017989     .0171435
L2.wealthIndex                                                                                                                  -.1214613     .0353668
1L2.4 quantiles of~d                                                                                                             .5254915     .1455898
2L2.4 quantiles of~d                                                                                                              .699446     .1397914
3L2.4 quantiles of~d                                                                                                              .380564     .1037544
4bL2.4 quantiles o~d                                                                                                                    0            .
L2.Membership in i~)                                                                                                             -.044708      .104291
Constant                 .4149869     .4402679     .0774802     .4094195     .0069206     .5205359      -.77625     .5325425    -.3762095     .5258152
Observations                 3547                      3545                      3585                      3461                      3555             
