                                b           se            b           se            b           se            b           se            b           se            b           se
main                                                                                                                                                                            
Age of hoh               .0089925     .0080243     .0226681     .0098528     .0134623     .0088462     .0155819     .0089027     .0164534      .007373     .0182902     .0091439
Age of hoh # Age o~h    -.0000669     .0000868    -.0002136     .0001082    -.0000466      .000094    -.0000374     .0000942    -.0001158     .0000783    -.0001245     .0000983
Female head of hou~0            0            .            0            .            0            .            0            .            0            .            0            .
Female head of hou~1     .0807311      .065578     .0204795     .0863752    -.1038821     .0736487    -.0588107     .0802544     .0309893     .0605904     .1724617     .0649077
Married hoh (any t~0            0            .            0            .            0            .            0            .            0            .            0            .
Married hoh (any t~1     .1688439     .0670653     .0353165     .0763485    -.2993027     .0688009    -.0122553       .08371    -.0358558     .0585037     .0202778     .0653331
Hoh is younger tha~     -.0099747      .082739     .0439114     .0985805     .0153877     .0965418    -.0078551     .0961872    -.0324868      .075633    -.0944755     .0940165
Orthodox                        0            .            0            .            0            .            0            .            0            .            0            .
Protestant               .1340557     .1028009     .1255506     .1259231     .0540967     .0858569     .0047652     .0820528     .1631841      .091107     .0434211     .0927976
Muslem                   .3566498     .1049191     .3925984     .1112442     .0344967     .0909104     .0189468     .0962843     .2974372     .0915076    -.0529156     .0938526
Other (Specify)          .2520244     .1913787      .534049      .238034      .020345     .1427677    -.0887886     .1480288     .4424622     .2256391     .2435782     .1733887
Hoh is literate          .0151319     .0530167    -.0304414     .0593226    -.0229124     .0545681    -.0151296     .0541744    -.0197368     .0465181    -.0247014      .060222
No education                    0            .            0            .            0            .            0            .            0            .            0            .
Primary                  .0524798     .0537376     -.096838     .0636221    -.0410525     .0524618     .0153601     .0566348    -.0229666     .0492391    -.0421753      .058256
Secondary                .1327547     .0807227    -.2068603     .1004168    -.2165244     .0848674    -.1907306     .0870644     -.064942     .0679333    -.1077484     .0943267
Tertiary                 .1646765     .1326384    -.0893141     .2081369    -.2537194     .1608617    -.2238783     .1529251     .0031152     .1284862    -.3734146     .1843693
No education                    0            .            0            .            0            .            0            .            0            .            0            .
Primary                  .0604854     .0539159    -.0206812     .0717167    -.0327962     .0546106    -.0698749     .0572673     .0008101     .0488855    -.0876948     .0539432
Secondary               -.0583994     .1004854    -.0294369      .111294       .06218     .1086429    -.0076004     .1039413    -.0287134     .0878241    -.0952965     .1113984
Tertiary                -.1449454     .2674276            0            .    -.6633181     .4507529    -.6528054     .4452257    -.5392976     .2457977    -1.016349     .4461114
Ratio of males to ~1    -.0336921     .0199393     .0613364     .0224812     .0392865     .0218863       .03208     .0225245     .0112064     .0174466      .016794     .0230498
Dependency Ratio         .0005097     .0002852     .0001636     .0002884     .0000773     .0003171     .0000425     .0003276     .0004352      .000245     .0003318     .0003071
hh male labor age~60     .0452538      .033592    -.0104099     .0318271    -.0376409     .0334216    -.0201194     .0349004    -.0025974     .0268196    -.0342959     .0329386
hh female labor a~60     .0360658      .029016     .0420288     .0347337    -.0006758     .0380225     .0183024     .0374618     .0192053     .0265946     .0207168     .0355255
household size          -.0158639     .0186183     .0120588     .0187592     .0209404     .0209233     .0014625     .0211835     .0073261     .0160398     .0122201      .019854
Total tropical liv~s    -.0208185     .0085573     .0131223     .0074238    -.0210948     .0127066    -.0371345     .0124806    -.0083409     .0067224    -.0151348     .0092613
wealthIndex             -.0892152      .030401    -.1860549     .0488182    -.0431234     .0286564    -.0744353     .0329264    -.1021521     .0260538    -.1309529     .0363767
land owned in hect~s    -.0074549     .0033956    -.0023983     .0026048    -.0011127     .0037147    -.0014269     .0043475    -.0034167     .0036767     -.000132     .0035463
4 quantiles of are~1     .0598332     .0993199     .0090678     .1171752     .0749171     .0995553     .1464076     .0972164     .0455722     .0866807     .7202207     .0967734
4 quantiles of are~2     .0990639     .0859295     .1652879     .0994289     .0495628     .0765573     .0671949     .0784795     .0948464     .0751083     .5131478     .0825421
4 quantiles of are~3     .1111771     .0643537     .1152852     .0877184    -.0692151     .0635821     .0283778     .0672545     .0165906     .0607828     .2156207      .066587
4 quantiles of are~4            0            .            0            .            0            .            0            .            0            .            0            .
Membership in iddi~)    -.0476828      .068687    -.0210479     .0816663     .0454272     .0610734     .0801598     .0610876    -.0408301     .0621703     -.083181     .0602426
HH Distance in (KM~      .0007205     .0020692    -.0015176     .0018789    -.0040928     .0018032    -.0042194      .001948    -.0018918     .0021714    -.0034526     .0020661
HH Distance in (KM~      .0002453     .0017327     -.000952     .0017269    -.0022581     .0013609    -.0019137     .0015495    -.0017721     .0015045    -.0046256      .001499
HH Distance in (KM~     -.0000102      .001041     .0049993     .0009713     .0022911     .0007645     .0022292     .0008726     .0030641     .0009548     .0002113     .0008603
HH Distance in (KM~      .0004993     .0005315     .0002972     .0006391    -.0001744     .0004183    -.0002129     .0004488     .0002401     .0004597    -.0001456     .0005015
Non-FTF household               0            .            0            .            0            .            0            .            0            .            0            .
FTF household              .06871     .0913535    -.1156857     .1060087    -.1245464     .0710673     -.118027     .0742866    -.0147607     .0843318     .1597831     .0801041
Tigray                  -.2661987      .199979     .3716129     .2324121    -.3088158     .1677688    -.3239416     .1770947    -.1916996     .1644073    -.3171306     .1583332
Afar                     .1183248     .2641256     .4232818     .3235521      .512536     .2050848     .4764154     .1870598      .525071     .2311253     .2293705     .2261012
Amhara                  -.2139688     .1356536     .2436185     .1644319    -.3209724     .1061053    -.3348684     .1088597    -.1491105     .1198324    -.2449262     .1233622
Oromia                          0            .            0            .            0            .            0            .            0            .            0            .
Somalie                  .4356335     .2195827     .9947591     .2876096    -.2742699     .1764131     -.234923     .1902383     .7259973     .2234115    -.1219618     .2287653
Benshagul Gumuz         -.5865613     .2206947    -.6482603     .3099111    -.2292693     .2717761     -.334138     .3249798    -.4733573     .2381512    -.1146173     .2362545
SNNP                    -.0385703     .1282014     .2397486     .1437813    -.0028976     .1032733     .0087942     .1123186     .0219426     .1228327     .1623896     .1158231
Gambelia                -1.022662     .2041251    -.3814252     .2957613    -.5906483      .242887    -.7391372     .2922914     -.641475     .1868801    -.2655299     .1897291
Harari                  -.0441575     .3253783    -.6118338     .3688534    -.6943743     .2009766    -.5576837     .2205844    -.2098968     .2862021    -1.160861     .2024694
Diredwa                  .3398887     .3206031     .4703064      .380945    -.3983168     .3054359    -.2835335     .2822633     .4865366     .3367302    -.1591885     .2016281
year=2012                       0            .            0            .            0            .            0            .            0            .            0            .
year=2014               -.2798178     .0770358    -.3600399     .0884846    -.2494915     .0585948    -.1929044     .0599101    -.2986072     .0694644    -.0300984     .0649071
Constant                -1.418227     .2977339    -2.508534      .351917    -1.155544     .2838012    -1.510465     .3022805    -.8951517     .2610278    -1.634215      .314953
Observations                 7006                      6962                      7006                      7006                      7006                      7003             
