                                b           se            b           se            b           se            b           se            b           se
Age of hoh               .0007333     .0030626     .0015152     .0030682     .0024691     .0027764     .0035227     .0028401     .0031863     .0027348
Age of hoh # Age o~h     8.30e-08     .0000336    -7.56e-06     .0000336    -.0000181     .0000305     -.000029      .000031    -.0000241     .0000301
Female head of hou~0            0            .            0            .            0            .            0            .            0            .
Female head of hou~1     .0230808     .0272935     .0221366     .0280313     .0247891     .0223226     .0143091     .0227408     .0186001     .0216028
Married hoh (any t~0            0            .            0            .            0            .            0            .            0            .
Married hoh (any t~1     .0577998     .0272328      .056672     .0269851     .0274173     .0201634     .0269273     .0207871     .0254006     .0203618
Hoh is younger tha~     -.0175849     .0353682    -.0128944     .0354946    -.0037736     .0285945     .0009865     .0294789    -.0040506     .0284444
Orthodox                        0            .            0            .            0            .            0            .            0            .
Protestant               .0608579     .0467711     .0529858     .0460663     .0293305     .0284767     .0127219      .029484     .0236759     .0288152
Muslem                    .150899     .0476603     .1435587     .0478165     .0642326     .0328935     .0532014     .0344618     .0598366     .0335436
Other (Specify)          .0667168     .0789339     .0515007     .0780089     .1150149     .0890037      .092116     .0892449     .1057496     .0874469
Hoh is literate         -.0015841     .0221236     .0098797     .0221888    -.0030139     .0167662     .0012641     .0169811    -.0009607     .0168095
No education                    0            .            0            .            0            .            0            .            0            .
Primary                  .0357785     .0232698     .0329317     .0231886    -.0037149     .0176375    -.0016831     .0172864    -.0033158     .0175246
Secondary                .0816111     .0319983      .084938     .0319765    -.0133692     .0248857    -.0034082     .0263241    -.0079733      .025529
Tertiary                 .0474665     .0544466     .0690713     .0532121    -.0215204     .0367538     .0106361     .0468561    -.0218997     .0369931
No education                    0            .            0            .            0            .            0            .            0            .
Primary                  .0489959     .0228895     .0514646      .022957     -.018048     .0160525    -.0175777     .0163523    -.0157792      .016401
Secondary               -.0017917     .0360745     .0157147      .036528    -.0512785     .0243143    -.0365233     .0274544    -.0459691     .0251877
Tertiary                -.0185231     .0814732     .0267234      .078022    -.1124607     .0428707    -.0749823     .0645514    -.0931204     .0422002
Ratio of males to ~1    -.0070486     .0076029    -.0074828     .0074815     -.006423     .0064398    -.0082768     .0063214    -.0065613     .0063353
Dependency Ratio         .0001681     .0001201     .0001719     .0001204     .0000947      .000108      .000133     .0001097     .0000855     .0001077
hh male labor age~60     .0035442      .013558     .0089272     .0135828     .0037158     .0103485     .0101852     .0107144      .005512     .0105096
hh female labor a~60    -.0013044     .0136889    -.0005856     .0135363      .013712     .0110034     .0163391       .01122     .0130638     .0110349
household size          -.0081652     .0081759    -.0077365      .008152    -.0010075     .0064063    -.0008589     .0064014     .0003957     .0065302
Membership in iddi~)    -.0252513     .0266886     -.021851     .0267436    -.0002332     .0222006     .0010269     .0228123                          
HH Distance in (KM~      .0007678      .000864     .0009121     .0008976    -.0004093     .0006815     -.000337     .0006804    -.0002881     .0007051
HH Distance in (KM~      .0002449     .0007263     .0003019     .0007215    -.0002607     .0005502     -.000226     .0005572     -.000175     .0005511
HH Distance in (KM~     -.0004522     .0004774    -.0004346     .0004754     .0003989     .0003134     .0003931     .0003111     .0002975     .0002922
HH Distance in (KM~      .0002336     .0002319     .0002372       .00023     .0000554     .0001583     .0000348     .0001622     .0000247     .0001577
Non-FTF household               0            .            0            .            0            .            0            .            0            .
FTF household            .0016822     .0379971     .0025062     .0376681     .0322426     .0325012     .0344695     .0328395     .0374123     .0321543
Tigray                  -.0529159     .0705806     -.065457     .0705828     -.055076     .0581189    -.0691403     .0601843     -.061555     .0607708
Afar                     .0421581     .1203419     .0656299     .1201452     .0360349     .1188281     .0218267     .1197207     .0301255      .116114
Amhara                  -.0239624     .0577651    -.0304292     .0572379    -.0720595     .0412308    -.0861733     .0424376    -.0804571      .040978
Oromia                          0            .            0            .            0            .            0            .            0            .
Somalie                  .0529593     .1183981      .064746     .1167591     .2571559     .0904199     .2409583     .0915054     .2356577     .0899287
Benshagul Gumuz         -.1682708     .0801077    -.1789923     .0798228    -.0864178     .0601575    -.0984904     .0621258    -.0967345     .0597026
SNNP                     .1187239     .0590278      .107049     .0590735    -.1139126      .041333    -.1277812     .0419793    -.1201536     .0411337
Gambelia                -.2137795     .0629503     -.216127     .0633065    -.1049577      .051007    -.1275608     .0534443    -.1180233     .0542605
Harari                  -.2046695     .1141421    -.2004521     .1134563     .1655237     .1448704     .1676204     .1452426     .1563425     .1440954
Diredwa                  .0465202     .1436089     .0347001     .1439308     .2463093     .1188506     .2298855     .1218642     .2259108     .1177918
Total tropical liv~s                              -.0059553      .002962                              -.0049649      .002379                          
wealthIndex                                       -.0278053     .0096739                              -.0194073     .0097557                          
land owned in hect~s                              -.0024198     .0009581                              -.0006108     .0011108    -.0011074     .0008727
4 quantiles of are~1                              -.0108668      .039031                                .043904     .0299091                          
4 quantiles of are~2                               .0146174     .0360153                                .031134     .0273736                          
4 quantiles of are~3                               .0167028     .0256085                               .0431875     .0201939                          
4 quantiles of are~4                                      0            .                                      0            .                          
L2.Total tropical ~s                                                                                                            -.0026083     .0031233
L2.wealthIndex                                                                                                                  -.0168828     .0067662
1L2.4 quantiles of~d                                                                                                             .0235745     .0289297
2L2.4 quantiles of~d                                                                                                             .0283446     .0273483
3L2.4 quantiles of~d                                                                                                             .0374107      .019341
4bL2.4 quantiles o~d                                                                                                                    0            .
L2.Membership in i~)                                                                                                             .0125367      .022341
Constant                 .0602507     .1253841     .0393098     .1252684     .0297944     .0954142    -.0059482     .0986957     .0003102     .0977996
Observations                 3547                      3545                      3585                      3461                      3555             
