                                b           se            b           se            b           se            b           se            b           se
Age of hoh               .0031688      .002949      .004194     .0029445     .0029502     .0030807     .0046966     .0030083     .0043216     .0030346
Age of hoh # Age o~h    -.0000259     .0000332    -.0000373     .0000331    -7.61e-06     .0000343    -.0000274     .0000331    -.0000222     .0000337
Female head of hou~0            0            .            0            .            0            .            0            .            0            .
Female head of hou~1     .0599061     .0221455     .0424801      .022459     .0675874     .0211571     .0415422     .0213184     .0529069      .021674
Married hoh (any t~0            0            .            0            .            0            .            0            .            0            .
Married hoh (any t~1     .0287303     .0220351      .035245      .022027    -.0291387     .0210887    -.0173542     .0215652    -.0261004     .0215743
Hoh is younger tha~       .004157     .0338709     .0143336     .0336866    -.0730602     .0293457    -.0542962     .0279534    -.0637776     .0291617
Orthodox                        0            .            0            .            0            .            0            .            0            .
Protestant               .0127393     .0368679     .0010385     .0360809     .0629002     .0299986     .0213663     .0279499     .0416786     .0286231
Muslem                   .0033353     .0271139    -.0062958     .0273735     .0062301     .0240015    -.0173882     .0244599    -.0059175     .0246135
Other (Specify)          .1176447     .0836609      .087153     .0797805     .1378204     .0693469     .0681304     .0682579     .1029645     .0679115
Hoh is literate         -.0099451     .0170171    -.0120842     .0168619    -.0107035     .0180777     .0000819     .0180427    -.0142408     .0176752
No education                    0            .            0            .            0            .            0            .            0            .
Primary                 -.0099396     .0189102     -.009367     .0184834    -.0029666     .0169443    -.0035654     .0167977     .0007142     .0164288
Secondary               -.0135261     .0276221    -.0174711     .0283433    -.0192932     .0251237    -.0205745     .0261724    -.0165372     .0250427
Tertiary                -.0379081     .0420637    -.0517542     .0429382    -.0765399     .0299168      -.09189     .0351665    -.0693935     .0312188
No education                    0            .            0            .            0            .            0            .            0            .
Primary                 -.0068837     .0169669    -.0098137     .0165706    -.0331094     .0156773    -.0278565     .0159244    -.0331191     .0156251
Secondary               -.0301743     .0316511    -.0366271      .031524    -.0186673     .0248124     -.004331     .0283906    -.0216672     .0252095
Tertiary                -.1352535     .0270641    -.1388992     .0337218    -.1178078     .0395618    -.1413207     .0594451    -.1173234     .0398335
Ratio of males to ~1     .0057979     .0070821     .0091367      .007083    -.0004645     .0064822    -.0010077     .0064497     .0012729     .0064802
Dependency Ratio         .0000354     .0001104     .0000532     .0001116     .0000493     .0000953     .0000893     .0000962     .0000524     .0000968
hh male labor age~60    -.0174679     .0110519    -.0123907     .0112511     -.016272     .0088308    -.0037233     .0088599    -.0120141     .0087076
hh female labor a~60     -.005149     .0112818     .0018052     .0117596    -.0040847     .0102649     .0012275     .0102925    -.0003049     .0102764
household size           .0022219     .0066385     .0037834     .0067447    -.0022175     .0055869     .0023093     .0057154     .0006363     .0056739
Membership in iddi~)    -.0299744     .0180853    -.0248323     .0178582    -.0353838     .0186392    -.0199372     .0179193                          
HH Distance in (KM~     -.0007393     .0004428    -.0006614     .0004449     -.000795     .0004858    -.0007722     .0004896    -.0006168     .0004844
HH Distance in (KM~     -.0011879     .0004185    -.0011253     .0004104    -.0009494      .000448    -.0008246     .0004516    -.0008768     .0004466
HH Distance in (KM~      .0001869     .0003049     .0001289     .0002996     .0000679     .0002527     3.43e-06     .0002531      .000045     .0002514
HH Distance in (KM~      .0001162     .0001493     .0000761     .0001509    -.0000203      .000149    -.0000684     .0001463    -.0000782      .000153
Non-FTF household               0            .            0            .            0            .            0            .            0            .
FTF household            .0749441     .0259007     .0759412     .0258917    -.0070547     .0230592     -.003322     .0226795     -.006219     .0227251
Tigray                  -.0738591     .0404848    -.0838569     .0416104    -.0243472     .0439828    -.0526706     .0447491    -.0389231     .0453856
Afar                     .1263122     .0779741     .0704825     .0747414     .1337106     .0961997     .0459931     .0983219     .0733173     .0981502
Amhara                  -.0633745     .0346434    -.0725437     .0353238     .0038429     .0326774    -.0258739     .0320818     -.012316     .0329883
Oromia                          0            .            0            .            0            .            0            .            0            .
Somalie                  .0021559     .0694144    -.0208263     .0674752     .0213666     .0627279    -.0359815     .0634124    -.0036349     .0629943
Benshagul Gumuz          .0148842     .0578997       .00652      .060489    -.0116431      .056615    -.0301325     .0557673    -.0350635     .0562731
SNNP                     .0798866     .0416328     .0757629     .0419365     .0391257     .0336598     .0140781     .0321931     .0234537     .0335154
Gambelia                 -.010577     .0550056    -.0465173     .0582037    -.0044315     .0511408    -.0628085     .0522794    -.0591199     .0535758
Harari                  -.1802926     .0502192    -.1863946     .0534738    -.1549481     .0477851    -.1629088     .0496824    -.1703534     .0516642
Diredwa                 -.0790275     .0557841    -.0912663     .0573766     .0611076     .0775798     .0286114     .0774897     .0485873     .0803353
Total tropical liv~s                               .0003114     .0026487                              -.0038125     .0015068                          
wealthIndex                                       -.0201976     .0068333                              -.0380225     .0088799                          
land owned in hect~s                               .0010587     .0009429                              -.0002703     .0004932    -.0016391     .0007671
4 quantiles of are~1                               .1314203     .0299571                               .2139382     .0277406                          
4 quantiles of are~2                               .0902918     .0266781                               .1426046     .0243858                          
4 quantiles of are~3                               .0383911     .0168061                                .045974      .017429                          
4 quantiles of are~4                                      0            .                                      0            .                          
L2.Total tropical ~s                                                                                                            -.0001553     .0031797
L2.wealthIndex                                                                                                                  -.0203235     .0069158
1L2.4 quantiles of~d                                                                                                             .1204792     .0248359
2L2.4 quantiles of~d                                                                                                             .1319474     .0247955
3L2.4 quantiles of~d                                                                                                              .067465      .017323
4bL2.4 quantiles o~d                                                                                                                    0            .
L2.Membership in i~)                                                                                                            -.0143479     .0179211
Constant                 .0726353     .0900627    -.0195294      .089874      .162369     .0915543     .0244436     .0952673     .0518545     .0929983
Observations                 3547                      3545                      3582                      3458                      3552             
