                                b           se            b           se            b           se            b           se            b           se
Age of hoh               .0024302     .0035707      .002712     .0035598     .0076704     .0035054     .0088138     .0035609     .0084852     .0034497
Age of hoh # Age o~h    -3.13e-07     .0000378    -3.77e-06     .0000375    -.0000604     .0000374    -.0000753     .0000377      -.00007     .0000367
Female head of hou~0            0            .            0            .            0            .            0            .            0            .
Female head of hou~1      .018757     .0294873     .0177249     .0300009     .0139654     .0269621    -.0043558     .0276031     .0097196     .0271548
Married hoh (any t~0            0            .            0            .            0            .            0            .            0            .
Married hoh (any t~1     .0314226     .0296491      .029006     .0294111    -.0539456     .0279216    -.0615773      .028195    -.0577286     .0281931
Hoh is younger tha~     -.0439295     .0354279    -.0414906     .0354456    -.0049118      .034831     .0083886     .0358638     -.000419     .0346225
Orthodox                        0            .            0            .            0            .            0            .            0            .
Protestant               .0927473     .0479175     .0804677     .0477098     .0574721     .0392534     .0288855     .0402836     .0450858     .0392027
Muslem                   .1475749     .0490453     .1419026     .0488747     .0870611     .0428957     .0697412     .0437334     .0809333     .0432645
Other (Specify)          .1943752     .0853901      .175651     .0842769     .1947552     .1016068       .15357      .101008     .1754242      .098531
Hoh is literate         -.0394356     .0239043    -.0273776     .0240426    -.0018686     .0227932     .0154822     .0229861     .0035258     .0230077
No education                    0            .            0            .            0            .            0            .            0            .
Primary                  .0009682     .0242668     .0015509     .0242637    -.0127537      .023809    -.0133524     .0234395    -.0113399     .0232648
Secondary               -.0018828     .0323724      .015474     .0321061    -.0617744     .0316779    -.0438506     .0331796    -.0438701     .0319561
Tertiary                 .0376587     .0564303     .0846336     .0564086     -.123477      .048488    -.0827519     .0569598    -.0953677     .0499095
No education                    0            .            0            .            0            .            0            .            0            .
Primary                 -.0008329     .0249554     .0042609     .0249334    -.0127083     .0212386    -.0044235     .0220832    -.0088238     .0215858
Secondary               -.0508253     .0404032    -.0218518     .0404081    -.0317607     .0350951     .0132926     .0370563    -.0139536     .0354473
Tertiary                -.1760021     .0767412    -.0936463     .0727313    -.1435002     .0738349    -.1525581     .0925375    -.1027209     .0726092
Ratio of males to ~1     .0041748      .008731     .0037139     .0086802     .0062145     .0083375     .0052235     .0081067      .005504     .0083803
Dependency Ratio         .0002794     .0001263     .0002906     .0001271     .0000173     .0001251      .000058      .000123     .0000205     .0001262
hh male labor age~60     .0040191     .0144881     .0058827     .0147037     -.019411     .0122283    -.0111968     .0126647    -.0173258     .0123928
hh female labor a~60     .0092265     .0144406     .0119858     .0145816    -.0015764     .0125076     .0010818     .0126582    -.0004922     .0125439
household size          -.0030492     .0089492    -.0045316     .0090107     .0092464     .0076439     .0101418      .007634     .0095658     .0076181
Membership in iddi~)    -.0382685     .0304056    -.0318317     .0304131    -.0082944     .0267123      -.00183     .0274813                          
HH Distance in (KM~      .0001251     .0008259       .00001     .0008473    -.0016142     .0009272    -.0015778     .0009621    -.0015406     .0009721
HH Distance in (KM~     -.0010148     .0007287    -.0009276     .0007324    -.0005412     .0007428    -.0004212     .0007526     -.000538     .0007298
HH Distance in (KM~      .0012415     .0004825     .0012503     .0004897     .0010155     .0004187     .0009692     .0004239     .0009905     .0004215
HH Distance in (KM~      .0000117     .0002251    -1.92e-06     .0002242     .0001593     .0002084     .0001243     .0002121     .0001175     .0002082
Non-FTF household               0            .            0            .            0            .            0            .            0            .
FTF household            .0102137     .0410125     .0082797     .0407156    -.0211848     .0381888    -.0212334      .038383    -.0185869     .0381542
Tigray                  -.1323073     .0814852    -.1282838     .0813652     .0033921     .0745214    -.0160389     .0756554    -.0009934     .0752697
Afar                     .1682054     .1320255     .1681522     .1362686     .2346872      .133662     .2118782      .134823     .2073689      .129559
Amhara                    -.04246     .0635225    -.0420343     .0630392    -.0583049     .0546876    -.0770918     .0550386    -.0669715     .0541536
Oromia                          0            .            0            .            0            .            0            .            0            .
Somalie                  .1794937     .1006902     .1806578      .099809     .3527918     .0977375     .3294661     .0993599     .3265868      .099633
Benshagul Gumuz         -.2623923     .1085791    -.2662152     .1083615    -.0497087     .0887203     -.060918     .0878028    -.0667983     .0867809
SNNP                     .1144402     .0628773     .1151583     .0640734    -.0795919     .0525268    -.0934301     .0534632    -.0874398     .0528603
Gambelia                -.2889505     .0910472    -.2882339     .0909569    -.1065737     .0890856    -.1387824     .0943396    -.1276998     .0932958
Harari                  -.3438511     .1164212    -.3275675     .1154654     .1448505     .1482234     .1659293     .1464663     .1355325     .1447063
Diredwa                  .0417789     .1544636       .03913     .1550745      .350517     .1240616     .3400928     .1250086     .3245819     .1202412
Total tropical liv~s                                .001316     .0032511                              -.0050239     .0025167                          
wealthIndex                                       -.0457027     .0100242                              -.0411229     .0130042                          
land owned in hect~s                               .0005155     .0012637                              -.0022758     .0012034     -.002478     .0010193
4 quantiles of are~1                              -.0029815     .0408619                               .0642675      .037498                          
4 quantiles of are~2                                .026486     .0363457                               .0391399     .0343476                          
4 quantiles of are~3                              -.0004867     .0293881                               .0141587     .0267916                          
4 quantiles of are~4                                      0            .                                      0            .                          
L2.Total tropical ~s                                                                                                             .0033489     .0032271
L2.wealthIndex                                                                                                                  -.0321603      .009281
1L2.4 quantiles of~d                                                                                                             .0328783     .0382438
2L2.4 quantiles of~d                                                                                                             .0568523     .0335573
3L2.4 quantiles of~d                                                                                                             .0671424      .025708
4bL2.4 quantiles o~d                                                                                                                    0            .
L2.Membership in i~)                                                                                                             .0009998     .0266695
Constant                 .2223704      .124739     .2057175     .1265904     .0843305     .1159504     .0588214     .1172219     .0378001     .1174805
Observations                 3547                      3545                      3585                      3461                      3555             
